5 -94 234

5 -94 237

6 -94 235

5 -94 236

5 -95 236

4 -93 236

5 -94 235

5 -93 236

4 -93 236

5 -93 236

5 -94 236

5 -94 236

5 -93 236

5 -93 236

4 -94 235

5 -94 237

4 -94 235

5 -95 236

5 -94 235

5 -95 236

4 -93 234

5 -95 236

5 -93 235

6 -95 236

5 -94 235

5 -93 237

5 -95 236

5 -94 235

5 -94 235

4 -93 236

5 -93 236

6 -95 235

6 -94 237

5 -94 236

5 -94 235

5 -94 236

5 -94 236

6 -94 236

5 -93 235

5 -94 235

6 -93 236

6 -93 235

5 -94 236

4 -94 236

5 -93 236

5 -94 236

5 -93 236

5 -93 236

4 -94 234

4 -95 235

5 -94 237

5 -94 237

5 -93 236

5 -93 236

4 -93 236

5 -93 236

6 -93 236

5 -93 237

4 -94 236

4 -93 236

5 -94 236

5 -94 237

4 -93 235

4 -93 235

5 -93 236

5 -93 236

5 -93 236

4 -94 237

6 -94 235

5 -93 236

5 -95 237

26 22 -246

-57 -111 204

-14 -78 242

-15 -78 243

-20 -82 240

65 -240 -176

53 -132 -211

32 -72 -223

12 10 -257

14 9 -258

11 9 -258

12 10 -257

12 9 -258

12 11 -257

12 10 -258

12 11 -257

12 10 -258

11 10 -257

11 10 -257

12 9 -257

12 9 -258

11 9 -258

12 10 -257

12 9 -258

12 9 -258

11 9 -257

11 9 -258

12 10 -257

13 10 -258

13 10 -259

12 10 -257

13 11 -258

12 10 -258

12 11 -258

12 10 -257

13 10 -258

12 10 -257

12 10 -258

13 10 -258

12 10 -256

12 10 -258

12 10 -257

12 10 -257

12 10 -258

12 10 -258

11 10 -258

12 11 -257

12 10 -258

12 10 -258

11 11 -257

12 10 -258

12 10 -258

12 10 -258

12 11 -257

12 10 -258

12 11 -258

12 10 -257

13 10 -258

12 9 -258

13 10 -258

12 10 -259

12 10 -257

13 10 -257

12 9 -258

12 10 -257

13 10 -258

12 10 -257

12 10 -258

12 10 -256

13 10 -258

12 10 -257

11 10 -257

12 10 -259

13 10 -257

12 10 -258

12 10 -257

-252 -72 11

-251 -67 6

-249 -70 8

-248 -73 7

-245 -69 3

-244 -65 2

-244 -60 12

-260 5 14

-248 -53 10

-256 -52 6

-258 -54 7

-251 -55 0

-262 35 7

-257 21 12

-261 0 5

-261 -8 12

-260 -10 4

-252 -9 9

-253 -15 10

-250 -9 7

-258 -12 11

-255 -12 9

-246 -5 7

-254 -4 9

-265 -14 6

-256 -12 11

-258 -12 4

-256 -7 14

-253 -8 7

-256 -38 12

-253 -5 7

-258 -6 9

-262 -9 22

-256 -15 -1

-261 -12 19

-258 -19 -4

-256 -19 9

-258 -12 16

-258 -21 6

-260 -16 10

-254 -20 9

-253 -22 7

-266 -24 17

-173 208 10

510 -202 3

271 -134 14

24 275 -7

365 166 7

361 -5 2

-256 13 10

-257 -11 13

-259 -7 13

-252 -3 12

-257 -13 15

-257 -11 11

-254 -12 13

-259 -5 13

-257 -14 13

-251 -11 12

-256 -8 9

-253 -8 12

-259 -6 9

-258 -12 10

-256 -12 13

-254 -11 15

-256 -11 14

-257 -9 12

-259 -8 11

-260 -11 3

-256 -27 18

-215 73 9

143 200 1

37 295 -9

384 129 -3

288 -97 20

47 300 -3

379 126 6

488 -23 2

318 48 0

-121 -239 8

-121 -230 11

-123 -226 8

-119 -220 11

-122 -226 12

-119 -219 12

-170 -177 11

-14 -297 18

19 -245 4

-154 -153 10

-39 -248 7

-45 -243 15

-47 -245 12

-37 -244 6

-96 -255 17

-151 141 7

288 134 -1

-67 -220 5

-101 -237 12

-102 -239 9

-96 -235 12

-100 -231 -5

-97 -238 13

-93 -231 13

-95 -232 12

-181 -181 14

-225 -123 15

-227 -119 19

-231 -97 10

-232 -111 15

-242 -41 16

-259 35 20

-210 148 9

-225 130 8

-225 131 16

-227 128 16

-223 120 9

-225 125 8

-224 132 10

-228 128 13

-224 132 15

-220 136 12

-223 124 14

-224 127 9

-220 125 13

-227 133 9

-229 121 12

-221 119 9

-223 127 12

-230 130 14

-225 126 7

-221 118 1

-230 129 7

-223 132 13

-225 125 10

-228 129 15

-223 125 15

-233 112 10

88 228 1

-94 302 -2

35 278 24

89 280 -10

377 137 1

-183 71 10

134 -217 -6

-165 235 12

510 -167 10

-120 203 3

14 193 0

439 123 8

241 -51 -11

283 264 5

36 277 8

75 244 -2

81 243 -2

72 241 4

79 250 8

78 247 0

80 244 -3

73 246 1

77 252 9

75 246 -1

69 249 7

88 243 3

133 226 0

193 175 5

255 50 4

257 12 6

258 0 5

253 10 6

260 9 8

260 11 2

261 8 1

254 3 -1

257 10 8

259 8 0

256 4 3

267 -1 4

261 10 5

260 -4 0

262 6 3

262 7 1

261 3 6

216 -144 8

105 -232 4

114 -230 2

103 -229 9

107 -230 8

108 -232 5

108 -241 13

107 -225 5

-9 -256 5

-239 -16 11

-136 215 5

-135 227 1

-136 217 -2

-130 221 -2

-133 215 5

-141 219 3

-31 246 3

100 246 0

146 208 -5

146 212 2

145 217 3

146 214 8

146 218 2

143 213 7

143 213 3

146 219 0

147 217 3

146 215 -8

143 218 2

147 216 1

143 216 -2

142 212 6

142 217 -4

140 215 9

272 60 13

-187 -144 16

-231 -58 21

70 220 3

81 -234 2

-72 -252 9

-24 -268 17

19 -258 21

14 -251 1

16 -251 16

14 -253 11

20 -252 -1

-3 -237 27

0 -250 11

-6 -255 10

-4 -251 17

-7 -254 6

-5 -246 -1

-4 -255 13

-4 -256 9

2 -254 12

-3 -256 7

-4 -252 11

1 -253 13

-7 -253 14

6 -257 8

-4 -251 11

3 -254 11

2 -250 15

0 -254 13

-8 -261 14

-13 -271 42

-6 -257 14

-3 -255 18

-6 -258 17

-5 -245 8

-4 -255 9

-15 -253 13

-3 -250 22

-20 -248 20

-3 -248 29

-32 -252 16

-21 -254 13

-32 -251 18

-36 -255 22

-23 -250 12

-27 -255 7

-27 -248 14

-26 -253 11

-26 -254 9

-26 -248 9

-32 -250 15

-26 -249 13

-28 -246 16

-29 -246 19

-24 -262 10

-23 -255 9

-30 -257 12

-28 -254 11

-25 -248 16

-27 -249 9

-28 -254 10

-22 -247 18

-26 -251 8

-24 -258 10

-23 -253 17

-26 -252 17

-32 -248 18

-24 -257 17

-27 -249 9

-27 -251 14

-25 -252 13

-22 -257 15

-22 -254 12

-28 -254 15

-23 -254 12

-26 -250 19

-27 -257 10

-24 -260 11

-24 -253 20

-28 -254 15

-27 -255 14

-27 -249 15

-26 -254 16

-32 -252 19

-22 -250 13

-26 -249 15

-30 -252 16

-24 -253 15

-23 -254 16

-28 -250 16

-22 -254 11

-31 -255 12

-27 -251 18

-28 -255 10

-26 -253 13

-29 -253 15

-27 -257 15

-30 -251 12

-26 -256 11

-29 -253 15

-27 -249 18

-31 -257 13

-26 -247 13

-26 -252 20

-30 -253 14

-29 -255 15

-30 -253 18

-28 -259 9

-26 -258 19

-29 -256 13

-28 -247 11

-25 -250 15

-24 -249 16

-29 -244 6

-9 -260 40

-34 -247 10

-37 -249 15

-35 -251 13

-27 -242 6

-32 -252 17

-26 -253 20

-29 -257 9

-25 -261 11

-33 -260 15

-14 -254 -3

-19 -256 12

-24 -256 11

-18 -255 13

-24 -255 10

-25 -254 21

-22 -255 12

-13 -254 16

-22 -256 18

-26 -252 12

-22 -254 19

-18 -249 18

-22 -257 9

-19 -254 26

-14 -258 0

-22 -251 32

-17 -250 14

-11 -257 15

-19 -252 13

-17 -252 16

-232 -33 23

-209 166 -1

-252 -37 21

-225 -120 19

-221 -121 16

-226 -121 27

-205 99 17

135 253 -5

251 119 -6

240 -90 8

185 -170 8

183 -195 0

-4 -261 8

-11 -257 10

-16 -257 15

-14 -250 14

-24 -266 13

-243 -63 14

-244 -77 15

-231 -8 10

127 267 -16

110 -225 5

13 -254 8

6 -251 13

8 -250 11

3 -253 17

7 -253 12

20 -259 6

16 -259 10

10 -253 9

6 -254 12

11 -256 13

8 -253 11

11 -254 11

12 -251 10

11 -256 12

12 -255 8

8 -246 19

7 -255 11

7 -256 14

12 -255 15

10 -251 10

9 -248 16

13 -254 14

14 -256 8

9 -254 16

11 -250 20

14 -255 1

13 -251 7

7 -255 13

11 -250 4

5 -257 9

10 -248 9

8 -254 8

7 -249 7

2 -251 2

-23 -246 14

-71 -241 10

-27 -251 17

-18 -252 9

-18 -251 17

-13 -255 20

-18 -253 14

-17 -254 9

-10 -254 12

-14 -250 9

-12 -252 11

-18 -254 14

-8 -263 12

-20 -242 12

-8 -256 17

-11 -250 10

-27 -258 18

-33 -258 15

-33 -245 19

-29 -250 18

-30 -254 11

-23 -250 13

-32 -250 15

-29 -249 10

-27 -253 15

-24 -248 23

-34 -257 4

-30 -252 13

-25 -258 16

-26 -252 18

-30 -250 9

-25 -256 13

-32 -256 11

-32 -249 12

-28 -248 10

-30 -253 12

-29 -252 14

-21 -254 12

-27 -249 14

-239 -65 -17

-249 33 40

-245 111 26

-129 236 16

58 247 -3

55 252 3

53 255 1

56 251 4

426 -189 14

295 54 -2

-43 -236 12

-49 -240 16

-63 -226 17

-51 -251 9

-54 -256 -9

-52 -248 13

-49 -245 15

-60 -248 13

-42 -247 12

-55 -227 21

-39 -249 18

-47 -255 15

-46 -254 1

-47 -251 11

-49 -248 13

-57 -233 20

-31 -255 13

-22 -251 15

-18 -253 6

-28 -253 11

-28 -248 14

-23 -248 15

-20 -262 8

-26 -249 17

-30 -251 19

-26 -263 7

-33 -251 19

-27 -254 18

-30 -252 13

-29 -257 18

-28 -250 18

-23 -248 15

-30 -251 -8

-31 -249 21

-22 -255 5

-24 -260 5

-26 -251 15

-28 -248 21

-26 -255 11

-25 -253 11

-27 -259 25

-26 -261 15

-23 -256 21

-30 -252 14

-241 -95 8

-249 -78 15

-238 152 23

-128 213 1

-1 258 9

74 200 26

138 220 3

146 205 2

-131 14 14

374 -73 -20

25 314 12

-107 177 6

510 -111 17

177 -5 25

103 338 21

510 -132 24

-56 220 2

93 -214 20

14 -247 21

-55 -257 14

-51 -246 6

-52 -252 9

-42 -254 14

-48 -251 12

-46 -245 19

-45 -248 16

-51 -252 6

-61 -239 -5

-37 -242 14

-46 -250 21

-48 -250 18

-41 -248 13

-52 -253 24

-36 -270 13

-49 -249 17

-47 -250 12

-43 -245 14

-53 -245 16

-55 -248 38

-45 -244 12

-44 -248 13

-40 -248 6

-43 -250 9

-40 -251 7

-42 -256 18

-44 -251 13

-42 -252 9

-53 -246 12

-41 -258 29

-48 -255 13

-53 -257 16

-44 -252 17

-45 -252 16

-39 -247 16

-52 -244 11

-47 -253 13

-46 -248 13

-49 -251 13

-43 -252 18

-51 -245 14

-44 -253 16

-48 -250 16

-51 -245 16

-123 -225 21

-194 -129 25

-205 101 9

59 186 -19

120 278 -21

511 -145 27

330 279 -2

187 199 7

510 -123 24

510 23 22

138 312 7

511 -124 28

-100 233 9

200 177 7

204 163 0

215 155 6

214 153 3

254 70 4

258 57 11

261 44 3

246 -92 7

232 -112 8

229 -110 9

233 -110 4

233 -108 6

224 -108 2

85 -241 9

23 -250 8

3 -255 23

18 -253 5

16 -250 11

21 -255 9

22 -254 9

21 -253 3

-137 -223 14

-219 -117 15

-237 -92 15

-237 -94 29

-246 -65 22

-188 162 12

39 271 24

54 252 14

48 255 10

57 248 8

57 252 4

52 250 10

54 244 0

54 251 5

53 253 2

52 257 3

148 215 7

68 -167 -12

-42 233 72

-100 331 17

-197 -141 15

-133 220 68

223 162 6

238 107 -1

240 96 -1

235 109 6

242 101 3

243 102 2

235 104 6

241 106 9

238 105 5

239 99 4

243 93 8

238 108 14

238 107 6

232 104 8

243 102 10

242 106 4

237 107 2

236 102 -1

286 -30 3

-222 58 14

75 254 22

-160 -31 13

-200 -155 31

-5 265 16

3 256 11

-27 113 -4

9 306 40

510 -188 18

51 265 -4

45 257 8

48 252 4

47 250 8

44 257 11

49 250 1

122 237 8

158 198 8

176 196 5

192 170 1

-140 246 16

33 293 -8

-76 366 14

-196 -110 9

-117 221 10

200 155 -2

-114 337 6

-250 79 30

316 62 -31

35 244 6

45 18 4

457 14 4

327 23 9

128 -223 7

130 -217 9

-228 -92 23

-112 249 4

97 220 -4

113 231 2

112 223 8

119 230 7

115 236 3

134 225 14

75 309 -16

510 -205 7

127 345 15

510 -149 45

510 197 34

32 200 8

-219 45 15

-195 170 14

-185 213 24

-195 160 13

-205 160 15

-205 161 15

-205 158 15

-201 158 10

-202 164 19

-196 162 16

-205 156 17

-202 158 20

-204 156 21

-201 161 12

-204 165 9

-207 157 17

-203 159 18

-109 245 15

-145 220 17

-101 236 -23

-105 237 10

-109 232 8

-78 274 11

-97 246 14

-81 245 16

-86 237 12

-87 239 10

-93 240 10

-79 248 5

-85 242 7

-85 235 19

-85 244 6

-80 240 7

-84 242 11

-92 244 9

-86 241 3

-87 245 8

-88 243 7

-81 242 10

-80 245 11

-88 245 12

-88 248 1

-83 248 8

-83 240 10

-85 241 14

-86 240 1

-85 243 15

-82 239 15

-82 248 11

-88 241 15

-83 239 20

-84 245 13

-89 246 16

-84 245 15

28 259 7

239 103 -2

-156 -165 11

-216 -125 11

-214 -134 17

-226 -129 22

-214 -128 10

-221 -131 13

-221 -131 19

-214 -131 18

-219 -131 22

-221 -131 20

-215 -141 15

-223 -129 18

-213 -127 16

-212 -131 16

-213 -135 22

-224 -130 17

-217 -130 17

-223 -133 22

-214 -139 24

-222 -136 13

-223 -126 11

-214 -132 15

-220 -134 19

-210 -134 20

-218 -133 16

-222 -134 22

-211 -131 18

-220 -136 21

-219 -135 18

-219 -128 20

-172 182 8

483 -86 9

185 213 19

459 -78 1

511 136 25

125 97 4

510 -62 34

309 322 17

217 39 14

511 70 17

336 -157 15

8 264 7

100 235 8

100 236 7

97 232 11

104 241 7

96 238 9

105 241 2

113 236 8

96 236 8

85 237 11



-136 -287 345

174 164 -295

-43 -329 -358

133 33 -381

-12 21 -76

-8 -416 -195

25 -63 -105

49 -257 -512

-40 -199 -30

106 179 -246

5 -238 -488

67 144 -59

249 109 -512

33 -14 -263

32 14 -257

32 14 -256

